# .test .cputime .temperature .time_mat1 .time_mat2
1 0.000810  0.000 0.000010 0.000002
2 0.001521  0.000 0.000002 0.000001
3 0.002611  0.000 0.000016 0.000002
4 0.003405  0.000 0.000003 0.000002
5 0.004281  0.000 0.000015 0.000002
6 0.004998 -0.487 0.000014 0.000002
7 0.005886 -0.487 0.000018 0.000003
8 0.006666 -0.487 0.000017 0.000003
9 0.007434 -0.487 0.000054 0.000004
10 0.008249 -0.487 0.000017 0.000005
11 0.009124 -0.487 0.000020 0.000006
12 0.009898 -0.487 0.000017 0.000007
13 0.010570 -0.487 0.000020 0.000008
14 0.011284 -1.461 0.000019 0.000009
15 0.012017 -1.461 0.000024 0.000010
16 0.012841  0.000 0.000021 0.000011
17 0.013644 -0.487 0.000023 0.000012
18 0.014629 -0.487 0.000029 0.000014
19 0.015308 -0.974 0.000025 0.000016
20 0.016015 -0.487 0.000031 0.000018
21 0.016730 -0.487 0.000029 0.000019
22 0.017584  0.000 0.000031 0.000021
23 0.018347 -0.487 0.000032 0.000023
24 0.019186 -0.487 0.000035 0.000025
25 0.019898  0.000 0.000035 0.000028
26 0.020688  0.000 0.000039 0.000029
27 0.021441  0.974 0.000040 0.000032
28 0.022181 -0.974 0.000043 0.000034
29 0.023115 -0.487 0.000043 0.000036
30 0.023848 -0.974 0.000046 0.000039
31 0.024570  0.974 0.000036 0.000041
32 0.025374  0.000 0.000056 0.000042
33 0.025877 -0.974 0.000038 0.000046
34 0.026769  0.974 0.000054 0.000046
35 0.027580  0.000 0.000042 0.000050
36 0.028250  0.974 0.000059 0.000053
37 0.028867 -0.487 0.000046 0.000056
38 0.029928  0.487 0.000066 0.000059
39 0.030501  0.000 0.000052 0.000061
40 0.031543  0.000 0.000073 0.000066
41 0.032162  0.000 0.000056 0.000068
42 0.033016  0.487 0.000076 0.000071
43 0.033593  0.000 0.000063 0.000076
44 0.034289  0.000 0.000085 0.000079
45 0.035273  0.974 0.000068 0.000083
46 0.036131  0.000 0.000087 0.000086
47 0.036638  0.487 0.000073 0.000147
48 0.037617  0.487 0.000095 0.000094
49 0.038190  0.487 0.000080 0.000096
50 0.039031  0.000 0.000103 0.000150
51 0.039831  0.487 0.000088 0.000104
52 0.040585  0.000 0.000114 0.000109
53 0.041949  0.487 0.000099 0.000113
54 0.042069  1.461 0.000116 0.000117
55 0.043276  0.487 0.000103 0.000123
56 0.044370  0.487 0.000132 0.000126
57 0.044902  0.000 0.000114 0.000130
58 0.045711  1.461 0.000137 0.000134
59 0.046419  0.000 0.000135 0.000138
60 0.047323  0.000 0.000141 0.000142
61 0.047648  0.974 0.000145 0.000148
62 0.048667  0.487 0.000145 0.000152
63 0.049510  0.487 0.000154 0.000161
64 0.050717  0.974 0.000157 0.000210
65 0.051298  0.487 0.000158 0.000228
66 0.052005  0.000 0.000168 0.000169
67 0.052969  0.000 0.000163 0.000179
68 0.053883  0.974 0.000178 0.000180
69 0.054479  0.974 0.000176 0.000189
70 0.055656  1.461 0.000181 0.000190
71 0.056171  0.974 0.000185 0.000199
72 0.056820  1.461 0.000192 0.000201
73 0.057792  1.948 0.000201 0.000205
74 0.058544  1.461 0.000196 0.000212
75 0.059409  0.974 0.000204 0.000221
76 0.060019  1.461 0.000211 0.000228
77 0.061075  1.461 0.000217 0.000229
78 0.061491  0.487 0.000220 0.000240
79 0.062337  1.461 0.000227 0.000245
80 0.063552  1.948 0.000230 0.000252
81 0.063536  0.974 0.000301 0.000253
82 0.064663  0.974 0.000224 0.000264
83 0.065287  1.948 0.000252 0.000266
84 0.065874  1.461 0.000235 0.000278
85 0.066620  0.974 0.000266 0.000280
86 0.067966  2.922 0.000245 0.000293
87 0.068489  1.461 0.000273 0.000294
88 0.069415  0.974 0.000258 0.000305
89 0.070760  0.487 0.000289 0.000307
90 0.071254  1.948 0.000268 0.000320
91 0.072099  0.974 0.000299 0.000321
92 0.072622  0.487 0.000282 0.000395
93 0.073045  0.487 0.000311 0.000335
94 0.074071  0.974 0.000294 0.000349
95 0.074672  1.948 0.000382 0.000349
96 0.075666  1.948 0.000307 0.000363
97 0.076373  1.461 0.000336 0.000366
98 0.078039  1.461 0.000318 0.000379
99 0.077983  1.948 0.000389 0.000381
100 0.079196  1.948 0.000376 0.000389
101 0.079628  1.948 0.000363 0.000397
102 0.081074  1.948 0.000346 0.000412
103 0.081407  2.435 0.000375 0.000414
104 0.082044  2.435 0.000360 0.000428
105 0.082750  1.461 0.000431 0.000430
106 0.083572  1.948 0.000374 0.000444
107 0.084491  1.948 0.000406 0.000446
108 0.084403  1.948 0.000429 0.000461
109 0.085580  2.435 0.000416 0.000463
110 0.086367  1.948 0.000418 0.000478
111 0.087951  1.948 0.000428 0.000478
112 0.088147  1.948 0.000432 0.000486
113 0.089324  2.435 0.000443 0.000495
114 0.090482  1.461 0.000450 0.000510
115 0.091486  2.922 0.000458 0.000565
116 0.091719  1.948 0.000463 0.000527
117 0.092840  1.461 0.000474 0.000531
118 0.093585  2.435 0.000480 0.000545
119 0.094348  2.922 0.000492 0.000547
120 0.095262  2.435 0.000497 0.000564
121 0.095249  1.948 0.000504 0.000575
122 0.096546  3.409 0.000559 0.000577
123 0.097631  2.435 0.000519 0.000596
124 0.098069  2.435 0.000531 0.000603
125 0.098623  2.435 0.000536 0.000614
126 0.098851  1.948 0.000548 0.000622
127 0.099972  2.922 0.000597 0.000634
128 0.101041  2.435 0.000567 0.000637
129 0.102367  2.435 0.000569 0.000655
130 0.103343  3.409 0.000582 0.000703
131 0.104126  2.435 0.000588 0.000666
132 0.104605  3.409 0.000601 0.000732
133 0.106762  2.435 0.000588 0.000766
134 0.106324  2.922 0.000620 0.000730
135 0.107535  2.435 0.000615 0.000717
136 0.107743  2.435 0.000639 0.000722
137 0.109167  2.435 0.000623 0.000737
138 0.109424  2.435 0.000658 0.000780
139 0.111179  3.409 0.000642 0.000763
140 0.111667  1.948 0.000677 0.000764
141 0.112606  3.896 0.000709 0.000784
142 0.112881  2.435 0.000693 0.000789
143 0.114456  1.948 0.000680 0.000853
144 0.114693  2.922 0.000727 0.000863
145 0.116249  2.922 0.000699 0.000833
146 0.116012  2.922 0.000733 0.000883
147 0.117983  3.896 0.000719 0.000902
148 0.117441  2.435 0.000754 0.000859
149 0.119106  2.922 0.000738 0.000940
150 0.119438  1.948 0.000773 0.000881
151 0.120767  3.409 0.000759 0.000937
152 0.121103  3.409 0.000790 0.000906
153 0.121733  2.922 0.000779 0.000926
154 0.121708  1.948 0.000809 0.000929
155 0.124065  1.948 0.000849 0.000951
156 0.123745  2.435 0.000832 0.000955
157 0.125369  2.435 0.000820 0.000975
158 0.125564  3.409 0.000853 0.000982
159 0.126701  2.922 0.000842 0.001003
160 0.127258  2.922 0.000872 0.001064
161 0.128507  2.922 0.000879 0.001041
162 0.130154  3.896 0.000896 0.001031
163 0.131325  3.896 0.000958 0.001053
164 0.130628  3.409 0.000921 0.001054
165 0.131142  3.896 0.000924 0.001077
166 0.131853  4.383 0.000984 0.001081
167 0.133005  2.922 0.000947 0.001151
168 0.134197  3.409 0.001028 0.001110
169 0.135409  2.435 0.000969 0.001134
170 0.134656  4.383 0.000982 0.001191
171 0.135651  2.435 0.000998 0.001159
172 0.135857  2.922 0.001003 0.001237
173 0.137331  2.922 0.001020 0.001245
174 0.139723  4.383 0.001027 0.001200
175 0.139782  2.922 0.001040 0.001248
176 0.140569  3.896 0.001053 0.001278
177 0.141128  4.383 0.001067 0.001290
178 0.141262  3.409 0.001075 0.001302
179 0.142477  4.383 0.001090 0.001307
180 0.143954  4.383 0.001097 0.001281
181 0.145570  4.383 0.001115 0.001308
182 0.145444  3.896 0.001124 0.001354
183 0.145513  3.409 0.001138 0.001370
184 0.146282  3.896 0.001174 0.001353
185 0.147125  3.409 0.001169 0.001358
186 0.147570  3.409 0.001213 0.001385
187 0.148463  2.922 0.001193 0.001429
188 0.149159  4.870 0.001181 0.001448
189 0.149776  4.383 0.001272 0.001414
190 0.150637  3.409 0.001210 0.001445
191 0.151586  4.870 0.001306 0.001451
192 0.152061  3.896 0.001232 0.001520
193 0.152519  4.383 0.001269 0.001528
194 0.153470  3.409 0.001259 0.001539
195 0.154468  4.870 0.001301 0.001528
196 0.154993  3.896 0.001284 0.001584
197 0.156108  3.409 0.001324 0.001599
198 0.156995  3.409 0.001312 0.001686
199 0.157594  4.383 0.001396 0.001578
200 0.158227  3.896 0.001336 0.001607
201 0.159249  3.896 0.001426 0.001620
202 0.159901  4.383 0.001364 0.001686
203 0.161128  3.409 0.001407 0.001681
204 0.161471  3.896 0.001437 0.001673
205 0.163423  4.383 0.001434 0.001734
206 0.163255  3.896 0.001422 0.001712
207 0.164763  4.870 0.001460 0.001750
208 0.164524  3.896 0.001448 0.001796
209 0.165985  3.896 0.001535 0.001766
210 0.166347  3.409 0.001476 0.001780
211 0.167030  4.383 0.001555 0.001789
212 0.167837  4.870 0.001567 0.001805
213 0.168851  4.383 0.001592 0.001823
214 0.169328  4.870 0.001555 0.001863
215 0.170492  4.870 0.001568 0.001917
216 0.170995  4.870 0.001584 0.001946
217 0.172446  4.870 0.001601 0.001995
218 0.171991  4.870 0.001621 0.001982
219 0.173774  4.870 0.001690 0.001944
220 0.174253  3.896 0.001642 0.002069
221 0.175133  3.896 0.001666 0.002024
222 0.175404  4.870 0.001718 0.002022
223 0.176928  5.357 0.001690 0.002096
224 0.176810  4.383 0.001712 0.002141
225 0.177947  4.870 0.001765 0.002077
226 0.178583  4.383 0.001738 0.002133
227 0.179489  5.357 0.001748 0.002200
228 0.179761  4.383 0.001775 0.002187
229 0.180987  4.870 0.001827 0.002156
230 0.181462  4.383 0.001804 0.002268
231 0.182464  4.383 0.001858 0.002208
232 0.182936  5.357 0.001875 0.002231
233 0.184154  3.896 0.001890 0.002238
234 0.184517  5.357 0.001867 0.002357
235 0.185276  5.357 0.001907 0.002299
236 0.186266  5.357 0.001900 0.002400
237 0.187607  4.383 0.001889 0.002424
238 0.188318  4.383 0.001990 0.002359
239 0.188163  4.383 0.001972 0.002405
240 0.191163  4.870 0.002032 0.002411
241 0.190777  5.357 0.002001 0.002430
242 0.191279  6.331 0.002049 0.002460
243 0.191699  4.383 0.002039 0.002488
244 0.193127  4.383 0.002067 0.002615
245 0.193417  5.357 0.002070 0.002533
246 0.193605  4.870 0.002074 0.002631
247 0.195968  5.357 0.002119 0.002609
248 0.196291  5.357 0.002104 0.002703
249 0.197325  5.844 0.002144 0.002657
250 0.198137  5.357 0.002142 0.002736
251 0.199057  5.844 0.002184 0.002725
252 0.199526  4.383 0.002232 0.002746
253 0.200448  5.357 0.002167 0.002871
254 0.201472  5.357 0.002279 0.002818
255 0.214476  5.357 0.002265 0.002865
256 0.203848  4.383 0.002244 0.002956
257 0.216574  4.870 0.002325 0.002875
258 0.204736  4.870 0.002284 0.003008
259 0.206344  5.357 0.002259 0.003035
260 0.206311  4.870 0.002322 0.003077
261 0.207451  4.870 0.002309 0.003082
262 0.207163  4.870 0.002411 0.003020
263 0.207692  5.844 0.002424 0.003124
264 0.209522  4.870 0.002436 0.003127
265 0.210286  4.870 0.002474 0.003166
266 0.210896  5.844 0.002430 0.003269
267 0.212254  5.357 0.002488 0.003207
268 0.212658  4.870 0.002473 0.003287
269 0.213938  5.357 0.002485 0.003294
270 0.213120  5.357 0.002505 0.003302
271 0.214120  4.870 0.002503 0.003390
272 0.214962  5.357 0.002609 0.003303
273 0.216274  5.844 0.002567 0.003502
274 0.217049  4.870 0.002637 0.003479
275 0.218173  5.844 0.002605 0.003548
276 0.217508  4.870 0.002591 0.003572
277 0.218515  6.331 0.002642 0.003543
278 0.220509  5.357 0.002662 0.003716
279 0.220301  4.870 0.002748 0.003615
280 0.222230  4.870 0.002697 0.003711
281 0.222401  6.331 0.002724 0.003700
282 0.223434  6.331 0.002798 0.003733
283 0.224319  5.844 0.002841 0.003712
284 0.223763  5.357 0.002839 0.003745
285 0.225305  5.844 0.002859 0.003746
286 0.225775  5.844 0.002833 0.003830
287 0.227104  5.844 0.002861 0.003917
288 0.226935  5.844 0.002870 0.003861
289 0.227482  5.357 0.002899 0.003960
290 0.229361  6.331 0.002899 0.003970
291 0.229559  5.357 0.002974 0.003963
292 0.230311  6.331 0.002957 0.004071
293 0.232196  6.331 0.003048 0.004070
294 0.232788  5.844 0.003036 0.004109
295 0.234746  6.331 0.003055 0.004156
296 0.233397  5.844 0.003031 0.004187
297 0.234815  6.331 0.003073 0.004226
298 0.234689  5.357 0.003143 0.004271
299 0.236028  5.844 0.003183 0.004321
300 0.236692  5.844 0.003159 0.004359
301 0.237749  6.331 0.003214 0.004319
302 0.237527  6.331 0.003208 0.004359
303 0.239731  5.844 0.003229 0.004397
304 0.239925  5.357 0.003215 0.004432
305 0.241288  6.331 0.003306 0.004529
306 0.242053  5.844 0.003268 0.004491
307 0.242707  6.331 0.003286 0.004623
308 0.242995  6.818 0.003332 0.004628
309 0.243689  7.305 0.003401 0.004667
310 0.244004  5.357 0.003327 0.004696
311 0.245306  5.844 0.003405 0.004714
312 0.246311  6.331 0.003359 0.004775
313 0.246570  6.331 0.003481 0.004834
314 0.247367  5.844 0.003427 0.004820
315 0.248177  6.331 0.003453 0.004851
316 0.248134  5.357 0.003507 0.004893
317 0.250335  6.331 0.003561 0.004945
318 0.251096  6.818 0.003576 0.005047
319 0.260881  5.357 0.003588 0.005005
320 0.255710  6.331 0.003613 0.005069
321 0.255130  4.870 0.003586 0.005072
322 0.257203  5.844 0.003641 0.005084
323 0.257576  5.844 0.003679 0.005146
324 0.258467  5.357 0.003689 0.005182
325 0.261403  6.331 0.003700 0.005181
326 0.259720  6.331 0.003739 0.005302
327 0.260017  5.844 0.003757 0.005336
328 0.261028  6.331 0.003789 0.005349
329 0.262539  6.331 0.003794 0.005351
330 0.262840  6.331 0.003823 0.005382
331 0.265160  7.792 0.003806 0.005413
332 0.264602  5.844 0.003873 0.005535
333 0.265302  5.357 0.003874 0.005496
334 0.266112  7.305 0.003910 0.005560
335 0.266595  6.331 0.003911 0.005695
336 0.266905  6.818 0.003945 0.005634
337 0.268908  6.331 0.003897 0.005660
338 0.270455  6.331 0.003996 0.005799
339 0.269760  6.818 0.003978 0.005726
340 0.271725  6.331 0.004019 0.005776
341 0.271555  6.818 0.003973 0.005821
342 0.271906  6.331 0.004086 0.005875
343 0.273845  7.305 0.004060 0.005906
344 0.273600  7.305 0.004116 0.005940
345 0.274579  7.305 0.004092 0.006030
346 0.275021  5.844 0.004180 0.006052
347 0.274921  7.792 0.004151 0.006096
348 0.276945  7.305 0.004210 0.006104
349 0.277855  6.818 0.004189 0.006170
350 0.277825  8.279 0.004238 0.006274
351 0.278639  6.331 0.004251 0.006302
352 0.279549  6.818 0.004285 0.006254
353 0.280785  7.792 0.004285 0.006321
354 0.281538  6.818 0.004350 0.006335
355 0.282546  6.818 0.004338 0.006494
356 0.283233  7.305 0.004393 0.006396
357 0.283586  7.792 0.004378 0.006481
358 0.284328  6.818 0.004455 0.006560
359 0.285139  6.331 0.004437 0.006573
360 0.285762  7.305 0.004518 0.006650
361 0.286459  6.331 0.004492 0.006681
362 0.288317  7.305 0.004561 0.006699
363 0.288328  8.279 0.004519 0.006763
364 0.288563  6.818 0.004593 0.006810
365 0.290774  6.331 0.004582 0.006811
366 0.291325  7.305 0.004630 0.006865
367 0.291605  6.818 0.004642 0.006954
368 0.292924  7.305 0.004707 0.006932
369 0.293639  7.792 0.004672 0.006999
370 0.293488  6.818 0.004753 0.007034
371 0.295053  7.305 0.004724 0.007084
372 0.295453  6.818 0.004770 0.007201
373 0.296190  6.818 0.004783 0.007208
374 0.296790  6.818 0.004817 0.007209
375 0.297817  7.305 0.004829 0.007224
376 0.297868  7.792 0.004822 0.007307
377 0.298875  7.305 0.004912 0.007414
378 0.300137  6.818 0.004956 0.007383
379 0.301044  7.792 0.004921 0.007468
380 0.300832  7.305 0.004971 0.007471
381 0.303302  6.818 0.005009 0.007491
382 0.302474  6.818 0.004974 0.007523
383 0.304051  7.305 0.005056 0.007606
384 0.303628  7.792 0.005092 0.007648
385 0.305179  6.818 0.005117 0.007683
386 0.305412  7.305 0.005081 0.007825
387 0.306266  8.279 0.005175 0.007897
388 0.308676  7.792 0.005140 0.007784
389 0.309120  7.305 0.005230 0.007875
390 0.309802  7.792 0.005213 0.007966
391 0.310626  7.792 0.005292 0.007954
392 0.310912  6.818 0.005284 0.008068
393 0.310812  8.279 0.005276 0.008059
394 0.314786  7.792 0.005258 0.008050
395 0.314286  7.792 0.005321 0.008125
396 0.314698  7.792 0.005302 0.008124
397 0.315811  8.279 0.005409 0.008255
398 0.316022  7.792 0.005387 0.008246
399 0.317612  8.279 0.005445 0.008371
400 0.317250  7.305 0.005502 0.008342
401 0.317474  7.792 0.005562 0.008408
402 0.318062  7.792 0.005527 0.008427
403 0.320316  7.792 0.005573 0.008498
404 0.320440  8.766 0.005564 0.008514
405 0.320767  7.305 0.005622 0.008576
406 0.322319  8.279 0.005570 0.008577
407 0.322761  7.792 0.005693 0.008763
408 0.323403  9.253 0.005649 0.008686
409 0.324460  8.279 0.005758 0.008732
410 0.325144  7.305 0.005710 0.008921
411 0.324613  7.792 0.005831 0.008862
412 0.327816  7.305 0.005772 0.008892
413 0.328603  9.253 0.005847 0.008938
414 0.328576  8.279 0.005821 0.008993
415 0.330206  8.279 0.005925 0.009019
416 0.328878  7.792 0.005942 0.009078
417 0.330826  9.253 0.005942 0.009120
418 0.330951  7.305 0.005993 0.009185
419 0.332135  7.305 0.006035 0.009192
420 0.333015  8.766 0.006057 0.009260
421 0.332883  8.766 0.006075 0.009289
422 0.333451  8.766 0.006027 0.009370
423 0.334725  8.766 0.006133 0.009384
424 0.335338  8.766 0.006153 0.009512
425 0.335850  9.253 0.006190 0.009544
426 0.336499  8.766 0.006185 0.009546
427 0.337931  8.279 0.006167 0.009619
428 0.338291  7.792 0.006236 0.009599
429 0.338930  8.279 0.006222 0.009655
430 0.339729  7.792 0.006278 0.009769
431 0.340667  7.792 0.006298 0.009766
432 0.342887  9.253 0.006320 0.009830
433 0.342589  8.279 0.006322 0.009925
434 0.343026  8.766 0.006347 0.009936
435 0.343757  8.279 0.006383 0.009960
436 0.344579  8.766 0.006409 0.009994
437 0.345251  8.766 0.006368 0.010127
438 0.344879  9.253 0.006467 0.010083
439 0.347592  8.766 0.006456 0.010145
440 0.346889  8.766 0.006529 0.010346
441 0.348183  8.279 0.006475 0.010237
442 0.349999  9.253 0.006587 0.010316
443 0.351480  8.279 0.006540 0.010333
444 0.351970  8.279 0.006634 0.010408
445 0.420084  8.766 0.006648 0.010433
446 0.354225  8.279 0.006721 0.010574
447 0.348134  9.253 0.006659 0.010597
448 0.362410  8.279 0.006764 0.010598
449 0.349812  8.279 0.006705 0.010687
450 0.350557  8.279 0.006818 0.010726
451 0.351164  8.766 0.006807 0.010742
452 0.353141  9.253 0.006834 0.010937
453 0.354210  8.766 0.006865 0.010816
454 0.355482  8.279 0.006947 0.010943
455 0.353363  8.766 0.006921 0.010968
456 0.354660  8.279 0.007011 0.010978
457 0.353899  8.766 0.007003 0.011014
458 0.354925  9.740 0.006961 0.011128
459 0.356926  7.792 0.007069 0.011128
460 0.371850  9.253 0.007117 0.011292
461 0.361374  8.766 0.007114 0.011246
462 0.360901  7.792 0.007181 0.011434
463 0.375795 10.227 0.007127 0.011362
464 0.359924 10.227 0.007233 0.011407
465 0.360025  8.766 0.007219 0.011399
466 0.364934  7.792 0.007311 0.011556
467 0.362437  9.253 0.007312 0.011593
468 0.361993  8.766 0.007388 0.011633
469 0.364051  9.253 0.007337 0.011869
470 0.365317 10.714 0.007421 0.011662
471 0.366128  8.766 0.007437 0.011731
472 0.368892  9.740 0.007485 0.011842
473 0.370129  9.740 0.007626 0.011865
474 0.381282  9.253 0.007537 0.011946
475 0.370701  9.253 0.007555 0.012008
476 0.386089  9.740 0.007600 0.012046
477 0.369756  9.740 0.007593 0.012056
478 0.369287  8.766 0.007649 0.012121
479 0.371536  9.740 0.007703 0.012182
480 0.371682  9.740 0.007717 0.012237
481 0.376160  9.253 0.007761 0.012359
482 0.378326  9.740 0.007789 0.012336
483 0.375681  9.253 0.007839 0.012386
484 0.377341  9.740 0.007911 0.012442
485 0.378586  8.766 0.007893 0.012467
486 0.390807  9.253 0.007897 0.012526
487 0.383598  9.740 0.007950 0.012536
488 0.379510  8.766 0.007973 0.012678
489 0.382231  9.740 0.008029 0.012767
490 0.384041  8.766 0.008012 0.012776
491 0.382954  9.253 0.008102 0.012846
492 0.384827  9.253 0.008098 0.012816
493 0.383923  8.279 0.008166 0.012877
494 0.386113  8.279 0.008124 0.012879
495 0.397997 10.227 0.008240 0.013050
496 0.386112 10.227 0.008222 0.013020
497 0.400080  9.253 0.008300 0.013086
498 0.387747  9.253 0.008274 0.013213
499 0.389076  9.253 0.008342 0.013362
500 0.388787 10.227 0.008356 0.013223
